-902.265 100.337 94.905 4.182 -12.311 -3.993
-889.446 13.769 67.790 30.839 -17.665 12.509
-872.795 197.700 75.552 -26.329 -15.693 -23.285
-935.888 171.601 71.698 -15.555 -29.241 -10.966
-946.649 49.826 101.566 20.994 -29.950 -1.122
-941.544 -68.482 127.709 28.434 -30.748 0.715
-938.929 100.423 128.090 -23.692 -34.136 -10.909
-991.195 -55.314 128.095 -23.693 -34.135 -10.909
-937.058 -257.980 168.896 6.609 -1.166 -10.076
-932.491 40.050 163.068 -29.391 -15.867 -26.655
-1048.663 -8.046 162.189 -5.329 -33.216 -19.337
-906.036 33.733 166.518 -33.685 -7.093 -36.013
-906.038 33.728 26.244 -37.490 -17.496 20.103
-914.218 -263.815 60.806 28.764 -23.377 -6.893
-851.293 124.512 60.818 -1.439 -12.039 5.534